# R script for Peak Model
#  -- generated by MACS
p <- c(0.0663919741296,0.0663919741296,0.0661366203829,0.0666983986256,0.0664941156283,0.0662387618816,0.0667494693749,0.0663919741296,0.0660855496336,0.0663409033803,0.0665962571269,0.0662898326309,0.0663409033803,0.0666983986256,0.0666473278763,0.0668005401242,0.0670048231216,0.0672091061189,0.0672091061189,0.0680773088575,0.0680262381082,0.0683837333535,0.0686901578495,0.0686390871001,0.0689965823455,0.0692519360921,0.0692519360921,0.0692008653428,0.0693030068414,0.0703754925774,0.070477634076,0.0703754925774,0.0697115728361,0.0696605020868,0.0700179973321,0.0693030068414,0.0702222803294,0.0699158558334,0.0701201388307,0.0705287048254,0.0699669265827,0.0702733510787,0.0705287048254,0.0705797755747,0.070630846324,0.0708351293214,0.070784058572,0.0713458368147,0.0716522613106,0.07093727082,0.070477634076,0.0704265633267,0.0704265633267,0.07093727082,0.0708351293214,0.0704265633267,0.0706819170734,0.070784058572,0.070784058572,0.0707329878227,0.0713458368147,0.0708351293214,0.0708862000707,0.0716011905613,0.071396907564,0.071550119812,0.0717544028093,0.0714479783133,0.0711415538173,0.070784058572,0.070477634076,0.0708351293214,0.0716011905613,0.071550119812,0.071243695316,0.0722651103026,0.07170333206,0.0724693932999,0.0723161810519,0.0721629688039,0.0727247470466,0.0725204640493,0.0729290300439,0.0727247470466,0.0729801007932,0.0737461620332,0.0737972327825,0.0734397375372,0.0739504450305,0.0744611525238,0.0750229307664,0.0751250722651,0.0752782845131,0.0750740015158,0.0758400627557,0.076350770249,0.0767593362437,0.076657194745,0.0770146899903,0.0764529117477,0.0760954165024,0.0762996994997,0.0764018409984,0.0761975580011,0.076350770249,0.0762996994997,0.0761975580011,0.0767082654944,0.076810406993,0.076657194745,0.077423255985,0.077116831489,0.0767593362437,0.0770657607397,0.0768614777423,0.076657194745,0.0770146899903,0.0764018409984,0.0762996994997,0.0767082654944,0.0764529117477,0.076503982497,0.0767593362437,0.076657194745,0.0767593362437,0.0765550532464,0.0761975580011,0.0764018409984,0.0758400627557,0.0755336382598,0.0756357797584,0.0757379212571,0.0760954165024,0.0758400627557,0.0754314967611,0.0754314967611,0.0750740015158,0.0752782845131,0.0754314967611,0.0760954165024,0.076503982497,0.076657194745,0.0768614777423,0.0768614777423,0.076657194745,0.076963619241,0.0767082654944,0.0765550532464,0.076810406993,0.0767082654944,0.0761464872517,0.0766061239957,0.0774743267343,0.0777807512303,0.0781893172249,0.0782403879743,0.0781382464756,0.0785978832196,0.0788021662169,0.0787000247182,0.0789553784649,0.0788532369662,0.0784446709716,0.0787000247182,0.0783936002223,0.0784446709716,0.0789043077156,0.0789553784649,0.0787510954676,0.0794660859582,0.0791085907129,0.0791085907129,0.0790575199636,0.0793639444595,0.0796703689555,0.0795171567075,0.0794660859582,0.0795171567075,0.0789043077156,0.0787510954676,0.0789553784649,0.0796192982062,0.0797214397049,0.0793639444595,0.0797725104542,0.0796192982062,0.0797214397049,0.0800278642008,0.0796192982062,0.0803342886968,0.0803342886968,0.0806407131928,0.0802832179475,0.0796703689555,0.0799767934515,0.0798746519528,0.0801300056995,0.0805896424435,0.0806917839421,0.0802832179475,0.0804364301955,0.0811514206861,0.0816110574301,0.0813557036834,0.0816621281794,0.0810492791874,0.0804875009448,0.0807428546915,0.0814067744328,0.0817642696781,0.0814578451821,0.0818664111767,0.0813557036834,0.0813557036834,0.0809982084381,0.0814578451821,0.0815599866807,0.0814067744328,0.0817642696781,0.0816621281794,0.0817642696781,0.0812024914354,0.0809982084381,0.0818664111767,0.0814578451821,0.0813046329341,0.0812024914354,0.0810492791874,0.0812535621848,0.0809982084381,0.0815089159314,0.0817131989287,0.0814067744328,0.0815089159314,0.0810492791874,0.0811003499368,0.0808960669395,0.0804364301955,0.0801300056995,0.0805896424435,0.0808960669395,0.0807939254408,0.0805385716941,0.0809471376888,0.0809471376888,0.0816110574301,0.0815599866807,0.0818664111767,0.0810492791874,0.0808449961901,0.0816110574301,0.0812535621848,0.0818153404274,0.0814578451821,0.0819174819261,0.0819174819261,0.0820706941741,0.082530330918,0.0827346139153,0.0831942506593,0.0831942506593,0.083296392158,0.0830410384113,0.082223906422,0.0826324724167,0.0825814016674,0.0828878261633,0.0831942506593,0.0831942506593,0.083296392158,0.083449604406,0.0832453214087,0.0835517459046,0.083756028902,0.0844199486433,0.0845731608912,0.0851349391339,0.0852370806325,0.0853392221312,0.0855435051285,0.0855435051285,0.0853392221312,0.0857477881258,0.0861052833712,0.0863095663685,0.0862074248698,0.0867692031125,0.0863095663685,0.0873309813551,0.0870756276084,0.0866670616138,0.0871266983578,0.0865649201151,0.0863095663685,0.0860031418725,0.0854924343792,0.0852881513819,0.0854924343792,0.0857988588752,0.0853392221312,0.0850838683846,0.0846753023899,0.0847263731392,0.0851349391339,0.0851349391339,0.0856456466272,0.0859010003738,0.0860031418725,0.0864117078671,0.0860031418725,0.0857988588752,0.0857477881258,0.0857477881258,0.0864117078671,0.0858499296245,0.0856456466272,0.0850838683846,0.0849306561366,0.0852370806325,0.0853392221312,0.0850327976352,0.0857477881258,0.0854924343792,0.0853392221312,0.0848795853872,0.0848285146379,0.0849817268859,0.0850838683846,0.0851349391339,0.0852881513819,0.0856456466272,0.0855945758779,0.0865138493658,0.0870756276084,0.0869734861098,0.0879438303471,0.0881991840937,0.0879438303471,0.0878416888484,0.0881481133444,0.0881991840937,0.0886588208377,0.088863103835,0.0881991840937,0.0879438303471,0.0878416888484,0.0876884766004,0.0870756276084,0.0870756276084,0.0878927595977,0.0876374058511,0.0875863351017,0.0879438303471,0.0877395473497,0.088097042595,0.088863103835,0.089322740579,0.0900888018189,0.0899866603203,0.0893738113283,0.0898334480723,0.089629165075,0.0898334480723,0.0898845188216,0.0902930848163,0.0907527215602,0.0907016508109,0.0902420140669,0.0898845188216,0.0900377310696,0.0901398725683,0.0905484385629,0.0902930848163,0.0902420140669,0.0907527215602,0.0899866603203,0.0901909433176,0.0902420140669,0.0902930848163,0.0901909433176,0.0907527215602,0.0909059338082,0.0912123583042,0.0920294902935,0.0922848440401,0.0920294902935,0.0920805610428,0.0925912685361,0.0928466222828,0.0922848440401,0.0924380562881,0.0927955515335,0.0924891270375,0.0921827025415,0.0922337732908,0.0920805610428,0.0918252072962,0.0910080753069,0.0911102168055,0.0914677120509,0.0911612875549,0.0914166413015,0.0913655705522,0.0911102168055,0.0912634290535,0.0905995093122,0.0900377310696,0.0911612875549,0.0914166413015,0.0908037923096,0.0902420140669,0.089475952827,0.0892716698296,0.0895780943256,0.0893738113283,0.089322740579,0.0892205990803,0.0889652453337,0.0889652453337,0.0886077500884,0.0881991840937,0.088403467091,0.0881481133444,0.0881481133444,0.0877906180991,0.0878927595977,0.0877395473497,0.0878927595977,0.0875352643524,0.0877395473497,0.0879438303471,0.0877906180991,0.0878416888484,0.0883013255924,0.0883523963417,0.0884545378404,0.0887609623363,0.0890673868323,0.089322740579,0.0899355895709,0.0900888018189,0.0898845188216,0.0893738113283,0.0898845188216,0.0901909433176,0.0902930848163,0.0908548630589,0.0904973678136,0.0906505800616,0.0914166413015,0.0922337732908,0.0928466222828,0.0932041175281,0.0932041175281,0.0933062590268,0.0936637542721,0.0935105420241,0.0937148250214,0.0938169665201,0.09458302776,0.0949405230053,0.0948383815067,0.0947873107573,0.094889452256,0.095349089,0.095042664504,0.095655513496,0.0952469475013,0.0955533719973,0.0956044427466,0.0956044427466,0.0952980182506,0.095195876752,0.0951448060027,0.095042664504,0.0949405230053,0.0943787447627,0.0943787447627,0.0943276740134,0.0939701787681,0.0943787447627,0.0942255325147,0.0946340985093,0.0940212495174,0.0935616127734,0.0940723202667,0.0939701787681,0.0940723202667,0.0939701787681,0.0935105420241,0.0931019760294,0.0925401977868,0.0924891270375,0.0924891270375,0.0927955515335,0.0923869855388,0.0922337732908,0.0919784195442,0.0917230657975,0.0911102168055,