# R script for Peak Model
#  -- generated by MACS
p <- c(0.075237262417,0.0757502437516,0.0765026163758,0.0764342188645,0.0765026163758,0.076776206421,0.077152392733,0.0772207902443,0.0769472001992,0.0770497964661,0.0768788026879,0.0769813989548,0.0770497964661,0.0767078089097,0.0764000201089,0.0764684176202,0.0762974238419,0.0759212375299,0.0756818462403,0.0759896350411,0.0759554362855,0.0758186412629,0.0762632250863,0.076194827575,0.0761606288194,0.0764000201089,0.0763316225976,0.0759896350411,0.0761606288194,0.0757844425073,0.0762290263306,0.0760922313081,0.0758186412629,0.0754766537065,0.0763316225976,0.0762632250863,0.0763316225976,0.0761264300637,0.076194827575,0.0762632250863,0.0762974238419,0.0755792499734,0.0753398586839,0.0754082561952,0.0757844425073,0.0755792499734,0.0756818462403,0.0759554362855,0.0762632250863,0.0758186412629,0.0756818462403,0.0760922313081,0.0760238337968,0.0765026163758,0.0770155977105,0.0770155977105,0.0769472001992,0.0770839952217,0.0769130014435,0.0761606288194,0.0765026163758,0.0760580325524,0.0757844425073,0.076194827575,0.076194827575,0.0763658213532,0.0760922313081,0.0761264300637,0.0758528400186,0.0762632250863,0.076194827575,0.0762974238419,0.0764684176202,0.076673610154,0.0763316225976,0.0763316225976,0.0764684176202,0.0761606288194,0.0766394113984,0.076673610154,0.0766394113984,0.0774259827782,0.0773917840225,0.0780757591354,0.0775285790451,0.077733771579,0.0776995728233,0.0776995728233,0.0776311753121,0.0777679703346,0.0778021690903,0.0773917840225,0.0774601815338,0.0775627778008,0.0771865914887,0.0770497964661,0.0772207902443,0.0776995728233,0.078212554158,0.0784177466919,0.0783151504249,0.0785545417144,0.0787255354927,0.0785203429588,0.0788281317596,0.0786229392257,0.0789991255378,0.0800250882071,0.080230280741,0.0802986782523,0.0802644794966,0.0802644794966,0.0801618832297,0.0802986782523,0.0799566906959,0.0798882931846,0.0796489018951,0.0802644794966,0.0804696720305,0.0801618832297,0.0802644794966,0.0801276844741,0.0800250882071,0.079272715583,0.0795463056281,0.0791017218048,0.0791017218048,0.0792385168273,0.0789991255378,0.0794437093612,0.0801618832297,0.0805038707862,0.0805380695418,0.0809142558539,0.0809826533652,0.0813930384329,0.0809826533652,0.0807774608313,0.0808458583426,0.0815298334555,0.0820086160345,0.0822138085684,0.0819402185232,0.0820086160345,0.0820086160345,0.082248007324,0.0821112123014,0.0810852496321,0.0811536471434,0.0809826533652,0.0812220446547,0.0810510508765,0.080811659587,0.0808458583426,0.0815640322111,0.0821454110571,0.0826925911474,0.0831029762151,0.08282938617,0.0834107650159,0.0834449637715,0.0834107650159,0.083308168749,0.083205572482,0.0835133612828,0.0840605413731,0.0839579451062,0.0840605413731,0.0847103177304,0.0846761189747,0.0846761189747,0.0846419202191,0.084847112753,0.084847112753,0.0848813115086,0.0847787152417,0.0852574978207,0.0851891003094,0.0852916965763,0.0848813115086,0.0846077214634,0.0846077214634,0.0848129139973,0.0847787152417,0.0845393239522,0.0841973363957,0.0840947401288,0.0843683301739,0.0844025289296,0.084847112753,0.0846761189747,0.0848129139973,0.0855310878658,0.0851891003094,0.0849497090199,0.0845735227078,0.0841973363957,0.0833765662603,0.0833765662603,0.0830003799482,0.0832397712377,0.0829661811925,0.083308168749,0.0835475600385,0.0831713737264,0.0833423675046,0.0830687774595,0.0827609886587,0.082726789903,0.0828977836812,0.0825215973692,0.0825899948804,0.0827951874143,0.0822138085684,0.0822138085684,0.082248007324,0.0821112123014,0.0818718210119,0.0814956346998,0.0816666284781,0.0814614359442,0.0813246409216,0.0820086160345,0.0817350259893,0.0821796098127,0.0824190011022,0.0826583923917,0.0832397712377,0.0831371749708,0.0831029762151,0.0831713737264,0.0831029762151,0.0829319824369,0.0834791625272,0.0834107650159,0.0832397712377,0.0833423675046,0.0837185538167,0.0838553488393,0.0841289388844,0.0837185538167,0.0841631376401,0.0843341314183,0.0850523052868,0.0848129139973,0.0848129139973,0.085223299065,0.0854968891102,0.085223299065,0.0849497090199,0.084744516486,0.0844709264409,0.0841289388844,0.0841631376401,0.0844709264409,0.0845735227078,0.0846419202191,0.0851549015538,0.0852574978207,0.084847112753,0.0850181065312,0.0850865040425,0.0844709264409,0.0847103177304,0.0844709264409,0.0846761189747,0.0850181065312,0.0847103177304,0.084847112753,0.0847103177304,0.084847112753,0.0848813115086,0.0847787152417,0.0846077214634,0.0849839077755,0.0851549015538,0.0850523052868,0.0850865040425,0.084847112753,0.0847103177304,0.0849497090199,0.0849497090199,0.0846419202191,0.0845735227078,0.084847112753,0.0843683301739,0.0841289388844,0.0839579451062,0.0839579451062,0.0839921438619,0.0840605413731,0.0844709264409,0.0844025289296,0.0848129139973,0.084744516486,0.0848813115086,0.0847787152417,0.0852574978207,0.0852574978207,0.0855652866215,0.0856336841328,0.0859756716892,0.0862492617344,0.0863176592457,0.0863860567569,0.0862492617344,0.085804677911,0.085804677911,0.0855652866215,0.085804677911,0.0859414729336,0.0859756716892,0.0857704791553,0.0860782679561,0.0853600940876,0.0857020816441,0.0858388766666,0.0856678828884,0.0860098704449,0.0863518580013,0.08628346049,0.0862150629787,0.0863176592457,0.0858730754223,0.0861808642231,0.0864544542682,0.0863518580013,0.0865912492908,0.0865570505352,0.0864202555126,0.0865228517795,0.0861466654674,0.0866596468021,0.0871384293811,0.087343621915,0.0871384293811,0.0874120194263,0.0873778206706,0.0875830132045,0.0879933982722,0.0879250007609,0.0880959945391,0.088301187073,0.088779969652,0.0888141684077,0.0889509634302,0.0890877584528,0.0889167646746,0.0890877584528,0.0889509634302,0.088882565919,0.0886431746294,0.0891903547198,0.0888141684077,0.0896349385431,0.0891903547198,0.0896007397875,0.0905583049455,0.0904557086786,0.0906267024568,0.0910712862802,0.0908660937463,0.0907634974794,0.0905241061899,0.0905241061899,0.0905241061899,0.0913448763253,0.0916868638818,0.0922340439721,0.0920630501939,0.0921314477051,0.0925076340172,0.0924734352616,0.0919262551713,0.0921656464608,0.0923708389947,0.0924734352616,0.0921656464608,0.0920288514382,0.09185785766,0.0919946526826,0.09185785766,0.0919604539269,0.0914132738366,0.0917210626374,0.0916184663705,0.0912422800584,0.0914816713479,0.0914132738366,0.0912422800584,0.0913106775697,0.0915842676148,0.0912422800584,0.091379075081,0.0910370875245,0.0910370875245,0.0909344912576,0.0905241061899,0.0906950999681,0.0903873111673,0.0904557086786,0.0906609012124,0.0911054850358,0.0915500688592,0.0917210626374,0.0916526651261,0.0914816713479,0.091379075081,0.0914816713479,0.0923708389947,0.0921314477051,0.0924734352616,0.0919946526826,0.092336640239,0.0920972489495,0.09185785766,0.0918236589043,0.0918920564156,0.0918236589043,0.0918236589043,0.0916526651261,0.0914132738366,0.090797696235,0.0903531124117,0.0898743298326,0.0902847149004,0.0904215099229,0.090318913656,0.0900111248552,0.0899427273439,0.0897717335657,0.0897717335657,0.0897717335657,0.0899769260996,0.0899427273439,0.0899427273439,0.0899085285883,0.0894639447649,0.0889167646746,0.0884721808512,0.0880617957835,0.087822404494,0.0877540069827,0.0874120194263,0.0873778206706,0.0874120194263,0.0875146156932,0.087241025648,0.086762243069,0.08628346049,0.0860782679561,0.0857704791553,0.0860098704449,0.0855652866215,0.0851891003094,0.0852916965763,0.0850865040425,0.085223299065,0.0854626903545,0.0854626903545,0.0856336841328,0.0854284915989,0.0850865040425,0.0852916965763,0.0858730754223,0.085325895332,0.0857020816441,0.0854626903545,0.0863860567569,0.0867964418247,0.0867964418247,0.0860098704449,0.085804677911,0.0858388766666,0.0856678828884,0.0852916965763,0.0851207027981,0.0854968891102,0.0856336841328,0.0860440692005,0.0861466654674,0.0863860567569,0.0860440692005,0.08628346049,0.08628346049,0.0865912492908,0.0864886530239,0.0865570505352,0.0868306405803,0.0865570505352,0.0867964418247,0.0871042306255,0.0873094231593,0.0879250007609,0.0884037833399,0.0886431746294,0.0893271497423,0.0889851621859,0.0888483671633,0.0881985908061,