# R script for Peak Model
#  -- generated by MACS
p <- c(0.0691868992125,0.0691868992125,0.0690701280746,0.06988752604,0.0696539837641,0.0700626827468,0.0704713817295,0.0707049240053,0.0709968518501,0.0708800807122,0.0706465384364,0.0712303941259,0.071172008557,0.0710552374191,0.0708216951433,0.0709968518501,0.0712887796949,0.0716974786776,0.0719310209534,0.0721645632292,0.072514876643,0.0723981055051,0.0728651900567,0.0728068044877,0.07379935916,0.0729819611946,0.0729819611946,0.0726900333498,0.0728651900567,0.0719894065224,0.0719310209534,0.0718726353845,0.0719310209534,0.0719894065224,0.0716390931086,0.0719310209534,0.0715807075397,0.0715223219707,0.0715223219707,0.0714639364018,0.0715223219707,0.0714639364018,0.0713471652639,0.0710552374191,0.0707633095743,0.0708216951433,0.0710552374191,0.0712887796949,0.0714639364018,0.0715223219707,0.0718142498155,0.0713471652639,0.0709968518501,0.0709968518501,0.0708800807122,0.071113622988,0.0710552374191,0.0710552374191,0.0708216951433,0.0708800807122,0.0707633095743,0.0715807075397,0.0717558642465,0.071172008557,0.0700042971779,0.0704713817295,0.0704129961606,0.0709968518501,0.0712303941259,0.0718142498155,0.0721061776603,0.072514876643,0.0732738890394,0.0734490457463,0.0733322746083,0.0731571179015,0.0735074313152,0.0740912870048,0.0741496725737,0.0746751426943,0.075083841677,0.0752589983839,0.0761931674872,0.0767770231767,0.0770105654526,0.0773024932973,0.0768937943146,0.0768354087457,0.0773024932973,0.0778279634179,0.0775360355732,0.0780031201248,0.0785285902454,0.0786453613833,0.0794627593487,0.0793459882108,0.0796379160556,0.0794627593487,0.0801050006072,0.0799882294693,0.080396928452,0.0798130727624,0.0802801573141,0.0806888562968,0.0812143264174,0.0820317243827,0.0821484955207,0.0825571945033,0.0822068810896,0.0821484955207,0.0820317243827,0.0819149532448,0.081739796538,0.0820901099517,0.0820901099517,0.0822652666586,0.0825571945033,0.0819733388138,0.081681410969,0.0812143264174,0.0812727119863,0.0815062542621,0.0810975552795,0.080338542883,0.0808056274347,0.0805136995899,0.0804553140209,0.0806888562968,0.0800466150383,0.0796379160556,0.0799298439003,0.0801633861762,0.0805720851589,0.0802801573141,0.0798714583314,0.0800466150383,0.0798130727624,0.0797546871935,0.0794043737797,0.0794043737797,0.079112445935,0.0794043737797,0.0784702046765,0.0787037469523,0.0789372892281,0.0780031201248,0.0775944211421,0.0769521798836,0.0772441077284,0.0768937943146,0.0768354087457,0.0775944211421,0.0773024932973,0.0768937943146,0.0771273365905,0.0771273365905,0.0768354087457,0.0775944211421,0.0776528067111,0.0778863489869,0.0776528067111,0.0773608788663,0.0780031201248,0.0788205180902,0.0789372892281,0.0792292170729,0.079054060366,0.0787037469523,0.0788205180902,0.0785869758144,0.0783534335385,0.0785869758144,0.0781782768317,0.0788205180902,0.0788789036591,0.0787037469523,0.0794043737797,0.0794043737797,0.0796379160556,0.0804553140209,0.0799298439003,0.0799882294693,0.080338542883,0.0802801573141,0.0799298439003,0.0805136995899,0.0814478686932,0.0818565676759,0.0819149532448,0.0829075079171,0.0837249058825,0.0836081347446,0.0840168337272,0.0845423038478,0.0845423038478,0.0847758461237,0.0852429306753,0.0849510028305,0.0853597018132,0.085710015227,0.0858267863649,0.0859435575028,0.0854764729511,0.0850093883995,0.0850093883995,0.0850677739684,0.085593244089,0.085593244089,0.0858851719338,0.0867025698992,0.0872280400198,0.0867025698992,0.0871112688819,0.0876951245714,0.0875199678646,0.0875783534335,0.0866441843302,0.0868193410371,0.0871112688819,0.086936112175,0.0874615822956,0.0872280400198,0.0874031967267,0.0873448111577,0.0876951245714,0.0881622091231,0.0870528833129,0.086994497744,0.0871696544508,0.0858267863649,0.0850677739684,0.0848342316926,0.0845423038478,0.0841919904341,0.0845423038478,0.0842503760031,0.0837249058825,0.0839000625893,0.0835497491756,0.0837249058825,0.0834329780377,0.0832578213308,0.083082664624,0.0831410501929,0.0834329780377,0.0825571945033,0.0818565676759,0.0820901099517,0.0818565676759,0.0818565676759,0.0807472418657,0.0806888562968,0.0807472418657,0.0801633861762,0.0804553140209,0.0808056274347,0.0815646398311,0.0813894831242,0.0815062542621,0.0810391697105,0.0808640130036,0.0805720851589,0.0805720851589,0.0807472418657,0.0806304707278,0.0801050006072,0.0810975552795,0.0813310975553,0.0816230254001,0.0824988089344,0.0824988089344,0.0817981821069,0.0822652666586,0.0819149532448,0.0819149532448,0.0823236522275,0.0823820377965,0.0820317243827,0.0818565676759,0.0816230254001,0.0816230254001,0.0815062542621,0.0813310975553,0.0814478686932,0.081681410969,0.0827323512102,0.0835497491756,0.0838416770204,0.0837249058825,0.0834329780377,0.0844255327099,0.0846590749858,0.0847174605547,0.0851261595374,0.0854180873822,0.0854180873822,0.0851261595374,0.0853013162443,0.0853013162443,0.085651629658,0.0860603286407,0.086936112175,0.0867609554682,0.0868777266061,0.086994497744,0.0868777266061,0.0864690276234,0.0861770997786,0.0860019430717,0.0865857987613,0.0871112688819,0.0877535101404,0.0876951245714,0.0879286668473,0.0881622091231,0.08833736583,0.0886876792437,0.08833736583,0.0892131493643,0.0893299205022,0.0901473184676,0.0910231020019,0.0908479452951,0.090964716433,0.0900305473297,0.0904392463124,0.0903224751745,0.0897386194849,0.0897970050539,0.0898553906228,0.0898553906228,0.089563462778,0.0887460648127,0.0889796070885,0.0881038235541,0.0876951245714,0.0875199678646,0.0874615822956,0.0874031967267,0.0873448111577,0.0871696544508,0.0868193410371,0.0870528833129,0.0876367390025,0.0874615822956,0.0875199678646,0.0875199678646,0.0878118957094,0.0876951245714,0.0867609554682,0.0864106420544,0.0862938709165,0.0862938709165,0.0861770997786,0.0851845451064,0.0844255327099,0.0842503760031,0.084308761572,0.0839584481583,0.0837249058825,0.0836665203135,0.083024279055,0.083024279055,0.082965893486,0.0834913636066,0.0831410501929,0.0831994357619,0.0836665203135,0.0833162068998,0.0827323512102,0.0826155800723,0.0827907367792,0.0834329780377,0.082965893486,0.0833745924687,0.0835497491756,0.0840752192962,0.0840168337272,0.0837249058825,0.0837249058825,0.0835497491756,0.0834329780377,0.0834329780377,0.0827907367792,0.0838416770204,0.0839000625893,0.0839000625893,0.0838416770204,0.0844839182789,0.0846006894168,0.0848342316926,0.0847174605547,0.0850093883995,0.0852429306753,0.0858851719338,0.0865857987613,0.0862354853476,0.0861770997786,0.085710015227,0.0861770997786,0.0858267863649,0.0857684007959,0.0858851719338,0.0865857987613,0.0863522564855,0.0865857987613,0.0860603286407,0.0859435575028,0.0864690276234,0.0867609554682,0.0868777266061,0.0868777266061,0.0868777266061,0.0865274131923,0.0862938709165,0.0871696544508,0.0867609554682,0.0873448111577,0.0871696544508,0.0876367390025,0.0878702812783,0.0874615822956,0.0880454379852,0.0880454379852,0.0876367390025,0.0876367390025,0.0873448111577,0.086994497744,0.0865274131923,0.0865274131923,0.0865274131923,0.0867609554682,0.0864690276234,0.0865857987613,0.0868193410371,0.0866441843302,0.0868193410371,0.0870528833129,0.0881038235541,0.0877535101404,0.0871696544508,0.0876951245714,0.0887460648127,0.0880454379852,0.08833736583,0.0886876792437,0.0890379926574,0.0886292936747,0.0892715349333,0.0900889328986,0.0899721617607,0.0903808607434,0.0900305473297,0.0906144030192,0.090964716433,0.0902640896055,0.0907895597261,0.090906330864,0.090964716433,0.0906727885882,0.090964716433,0.0916653432604,0.0914901865536,0.0918404999673,0.092190813381,0.0931249824843,0.0941175371566,0.0946430072772,0.0947013928461,0.0945262361393,0.0942926938634,0.0950517062599,0.0955771763805,0.09616103207,0.0960442609321,0.0964529599148,0.0963945743458,0.0973287434491,0.0969200444664,0.0971535867423,0.0982629125524,0.0986132259662,0.0984380692593,0.0984380692593,0.0986132259662,0.0981461414145,0.0989051538109,0.0991970816557,0.0991970816557,0.0994306239315,0.100189636328,0.100598335311,0.101065419862,0.100773492018,0.100598335311,0.101065419862,0.101007034293,0.101065419862,0.102116360104,0.101415733276,