# R script for Peak Model
#  -- generated by MACS
p <- c(0.0663063549578,0.0669596195387,0.06793951641,0.068701658421,0.06793951641,0.0689194132813,0.0692460455717,0.0696815552923,0.0710969618842,0.0710969618842,0.0712058393143,0.0707703295938,0.0706614521636,0.0705525747335,0.0707703295938,0.070988084454,0.0697904327225,0.0708792070239,0.0715324716048,0.0717502264651,0.0730567556268,0.0734922653474,0.0737100202077,0.0741455299282,0.0734922653474,0.0734922653474,0.0745810396488,0.0746899170789,0.0742544073584,0.0740366524981,0.0745810396488,0.0750165493694,0.07545205909,0.0746899170789,0.0746899170789,0.0743632847885,0.0745810396488,0.07545205909,0.0752343042297,0.0747987945091,0.0757786913804,0.0756698139502,0.0752343042297,0.0753431816598,0.0761053236708,0.0763230785311,0.0765408333914,0.0767585882517,0.0757786913804,0.0757786913804,0.0770852205421,0.0765408333914,0.0773029754024,0.078500627134,0.076976343112,0.0764319559613,0.0768674656818,0.076214201101,0.0749076719392,0.07545205909,0.0745810396488,0.0741455299282,0.0737100202077,0.0732745104871,0.0736011427775,0.0737100202077,0.0729478781966,0.0728390007665,0.0734922653474,0.0733833879172,0.0726212459062,0.0725123684761,0.0730567556268,0.0734922653474,0.0739277750679,0.0741455299282,0.0741455299282,0.0730567556268,0.0744721622187,0.0746899170789,0.0744721622187,0.0742544073584,0.0736011427775,0.0730567556268,0.0730567556268,0.0730567556268,0.0737100202077,0.0739277750679,0.0742544073584,0.0751254267995,0.0740366524981,0.0746899170789,0.0746899170789,0.0734922653474,0.0747987945091,0.07545205909,0.07545205909,0.0757786913804,0.0761053236708,0.0758875688105,0.0758875688105,0.0755609365201,0.0759964462407,0.07545205909,0.0749076719392,0.0755609365201,0.0757786913804,0.0759964462407,0.0758875688105,0.0753431816598,0.0756698139502,0.0763230785311,0.0755609365201,0.07545205909,0.0745810396488,0.0741455299282,0.0751254267995,0.0761053236708,0.0747987945091,0.0755609365201,0.0751254267995,0.0757786913804,0.0763230785311,0.0765408333914,0.0761053236708,0.0749076719392,0.0741455299282,0.0740366524981,0.0744721622187,0.0731656330569,0.0730567556268,0.0725123684761,0.0731656330569,0.0736011427775,0.0731656330569,0.0725123684761,0.0724034910459,0.0729478781966,0.0738188976378,0.0750165493694,0.0751254267995,0.0752343042297,0.0750165493694,0.0751254267995,0.0755609365201,0.0764319559613,0.0767585882517,0.0765408333914,0.0767585882517,0.0766497108215,0.0758875688105,0.0761053236708,0.076214201101,0.0761053236708,0.0775207302627,0.0781739948436,0.077738485123,0.077738485123,0.0778473625531,0.0782828722737,0.079262769145,0.0790450142847,0.0791538917149,0.079262769145,0.0798071562957,0.080787053167,0.0808959305972,0.0799160337259,0.0793716465752,0.0805692983067,0.0814403177479,0.0819847048986,0.0814403177479,0.0810048080273,0.0816580726082,0.0830734792001,0.0832912340603,0.0829646017699,0.0820935823288,0.0812225628876,0.0819847048986,0.0824202146192,0.0825290920493,0.0819847048986,0.0817669500383,0.0801337885862,0.0803515434464,0.0808959305972,0.0805692983067,0.0816580726082,0.0819847048986,0.0805692983067,0.0799160337259,0.0804604208766,0.0791538917149,0.0798071562957,0.0790450142847,0.0791538917149,0.0789361368546,0.0786095045641,0.0781739948436,0.0782828722737,0.0781739948436,0.0775207302627,0.077738485123,0.0781739948436,0.0780651174134,0.0787183819943,0.0788272594244,0.0782828722737,0.0782828722737,0.0787183819943,0.079262769145,0.0799160337259,0.0798071562957,0.0795894014354,0.0790450142847,0.078500627134,0.0793716465752,0.079262769145,0.0783917497039,0.0786095045641,0.0786095045641,0.080024911156,0.0806781757369,0.081549195178,0.0811136854575,0.0812225628876,0.081549195178,0.0808959305972,0.0814403177479,0.0824202146192,0.0832912340603,0.0828557243398,0.0839444986412,0.0830734792001,0.0832912340603,0.0829646017699,0.0830734792001,0.0831823566302,0.0831823566302,0.0828557243398,0.0825290920493,0.0831823566302,0.0824202146192,0.0816580726082,0.0812225628876,0.0817669500383,0.0820935823288,0.0819847048986,0.0819847048986,0.0816580726082,0.0808959305972,0.080787053167,0.080024911156,0.0798071562957,0.0805692983067,0.0804604208766,0.0801337885862,0.080024911156,0.0805692983067,0.0808959305972,0.0812225628876,0.0803515434464,0.0798071562957,0.0795894014354,0.0793716465752,0.0790450142847,0.078500627134,0.0786095045641,0.0789361368546,0.0786095045641,0.0779562399833,0.077738485123,0.0780651174134,0.0786095045641,0.0787183819943,0.0786095045641,0.0782828722737,0.078500627134,0.0787183819943,0.0781739948436,0.0788272594244,0.0790450142847,0.0794805240053,0.0795894014354,0.0798071562957,0.0795894014354,0.0799160337259,0.0803515434464,0.0799160337259,0.0803515434464,0.0803515434464,0.0804604208766,0.080787053167,0.0804604208766,0.0808959305972,0.0811136854575,0.0818758274685,0.0831823566302,0.0828557243398,0.0830734792001,0.0835089889206,0.0840533760714,0.0843800083618,0.0839444986412,0.0847066406522,0.0848155180824,0.0855776600934,0.0856865375235,0.0864486795345,0.0863398021044,0.086775311825,0.0881907184168,0.0876463312661,0.087537453836,0.0872108215455,0.0873196989757,0.0877552086963,0.0876463312661,0.087537453836,0.0889528604278,0.0891706152881,0.0893883701484,0.0900416347293,0.0897150024389,0.0904771444499,0.0911304090307,0.0915659187513,0.0922191833322,0.0926546930527,0.0920014284719,0.0930902027733,0.0937434673542,0.0942878545049,0.0950499965159,0.0947233642255,0.0952677513762,0.0942878545049,0.0930902027733,0.093634589924,0.092872447913,0.0925458156226,0.0918925510417,0.0922191833322,0.0929813253432,0.0924369381925,0.0920014284719,0.092110305902,0.0924369381925,0.0920014284719,0.0930902027733,0.0927635704829,0.0923280607623,0.0925458156226,0.0931990802035,0.0942878545049,0.0942878545049,0.0949411190858,0.0955943836666,0.0959210159571,0.0947233642255,0.0940700996446,0.0947233642255,0.0940700996446,0.0941789770748,0.0938523447843,0.0933079576336,0.0929813253432,0.0926546930527,0.0926546930527,0.0930902027733,0.0922191833322,0.0917836736116,0.0915659187513,0.0911304090307,0.0920014284719,0.0911304090307,0.091348163891,0.0916747961815,0.0914570413212,0.0917836736116,0.092110305902,0.0933079576336,0.0927635704829,0.0930902027733,0.093634589924,0.0935257124939,0.0926546930527,0.0925458156226,0.0920014284719,0.0920014284719,0.0930902027733,0.0924369381925,0.0925458156226,0.0918925510417,0.0912392864609,0.0922191833322,0.0916747961815,0.0904771444499,0.089823879869,0.0901505121594,0.0906948993102,0.0899327572991,0.0904771444499,0.0906948993102,0.0906948993102,0.0910215316006,0.0906948993102,0.089823879869,0.0891706152881,0.0892794927183,0.0894972475786,0.0897150024389,0.0899327572991,0.0900416347293,0.0878640861264,0.089823879869,0.0902593895896,0.0912392864609,0.0915659187513,0.0914570413212,0.0918925510417,0.0923280607623,0.092872447913,0.0925458156226,0.0917836736116,0.0931990802035,0.0935257124939,0.0933079576336,0.0935257124939,0.0935257124939,0.0931990802035,0.0935257124939,0.0934168350638,0.0930902027733,0.0934168350638,0.0927635704829,0.0930902027733,0.0940700996446,0.0947233642255,0.0949411190858,0.0953766288064,0.0950499965159,0.0939612222145,0.0939612222145,0.0941789770748,0.0943967319351,0.0947233642255,0.0950499965159,0.0955943836666,0.0960298933872,0.0958121385269,0.0958121385269,0.0949411190858,0.0951588739461,0.0964654031078,0.0952677513762,0.0951588739461,0.0951588739461,0.0948322416556,0.0948322416556,0.0945056093652,0.0935257124939,0.0937434673542,0.0933079576336,0.0940700996446,0.0943967319351,0.0947233642255,0.0950499965159,0.0948322416556,0.0948322416556,0.0942878545049,0.0949411190858,0.0952677513762,0.0961387708174,0.0964654031078,0.0962476482475,0.0967920353982,0.0963565256777,0.0959210159571,0.0960298933872,0.0954855062365,0.0967920353982,0.0965742805379,0.0974452999791,0.0966831579681,0.0966831579681,0.0966831579681,0.0972275451188,0.0971186676887,0.0971186676887,0.0982074419901,0.0986429517107,0.0989695840011,0.098860706571,0.0992962162915,0.0998406034423,0.0998406034423,0.0992962162915,