# R script for Peak Model
#  -- generated by MACS
p <- c(0.0429939808427,0.0433042822281,0.0433732380915,0.043786973272,0.0439938408623,0.0437524953403,0.0438559291354,0.0442007084525,0.0441317525891,0.044269664316,0.0443730981111,0.0446489215648,0.0445799657014,0.0448213112233,0.0447523553599,0.0453040022673,0.0451660905404,0.0454074360624,0.0457522153795,0.0459246050381,0.0460280388332,0.0465107298771,0.0468210312625,0.0470968547162,0.0469589429894,0.0470623767845,0.0473726781699,0.0477519354187,0.0480277588724,0.0482691043944,0.0482346264626,0.04878627337,0.0497171775262,0.0497516554579,0.0498206113213,0.050096434775,0.0501653906384,0.0504412140921,0.0507515154775,0.0508894272043,0.0506480816824,0.0508204713409,0.0507859934092,0.0507859934092,0.0509583830677,0.0519582430873,0.0519582430873,0.0517168975654,0.0518548092922,0.0515100299751,0.0515100299751,0.0513376403166,0.0521651106776,0.0524064561996,0.0530960148338,0.0531649706972,0.0534063162192,0.053302882424,0.0540958748534,0.0542337865802,0.0549923010778,0.0547509555559,0.0553026024632,0.0556818597121,0.0561300728243,0.0566127638682,0.0567851535268,0.0572678445707,0.0579918811366,0.0580953149318,0.0581987487269,0.0577505356147,0.0573023225024,0.057233366639,0.0574402342293,0.057233366639,0.0578884473415,0.0582332266586,0.058784873566,0.0588193514977,0.0586814397708,0.0582677045903,0.0583366604537,0.0585780059757,0.0589572632245,0.0586124839074,0.0586469618391,0.058784873566,0.0589572632245,0.0590951749514,0.0588538294294,0.0592675646099,0.0588193514977,0.0587503956343,0.058302182522,0.0581987487269,0.0583366604537,0.0581642707952,0.057474712161,0.0574402342293,0.0569575431853,0.057233366639,0.0570954549122,0.0571299328439,0.0571644107756,0.0567851535268,0.0571988887073,0.0565782859365,0.0563714183463,0.0564748521414,0.0564748521414,0.0563369404145,0.0564403742097,0.0564748521414,0.0564748521414,0.0568196314585,0.0567851535268,0.0566472417999,0.0562679845511,0.0568541093902,0.0572678445707,0.0577850135464,0.057716057683,0.0575781459561,0.0575091900927,0.0579229252732,0.0584745721806,0.0588538294294,0.0585780059757,0.0594054763368,0.0599226453124,0.0596468218587,0.0595089101319,0.0597847335856,0.0601639908344,0.0603019025612,0.0604742922198,0.0607501156735,0.0608190715369,0.0608880274003,0.0610948949906,0.0605777260149,0.059853689449,0.0595433880636,0.0599226453124,0.0597502556539,0.0595433880636,0.0600260791075,0.0598881673807,0.0599916011758,0.0603019025612,0.0604398142881,0.0603708584246,0.0605432480832,0.0610259391271,0.06068115981,0.0605777260149,0.0608190715369,0.0610604170589,0.0609914611954,0.061405196376,0.0617154977613,0.0620947550102,0.062232666737,0.062232666737,0.0618189315565,0.0611293729223,0.0610604170589,0.0616465418979,0.0617499756931,0.0615086301711,0.0621637108736,0.0627843136444,0.0631290929615,0.063060137098,0.0630946150298,0.0633359605517,0.0635083502103,0.0639220853908,0.0641979088445,0.064611644025,0.0654046364543,0.0662665847471,0.066990621313,0.067231966835,0.0676112240838,0.067473312357,0.068059437196,0.0684386944448,0.0682663047863,0.0681283930595,0.06854212824,0.0687489958302,0.0689558634205,0.0691627310108,0.0694040765327,0.0691282530791,0.0689903413522,0.0692316868742,0.0691282530791,0.0691282530791,0.0689558634205,0.0691627310108,0.0696454220547,0.0699902013718,0.0703349806889,0.0709555834597,0.0713348407085,0.0713693186402,0.0713003627768,0.0720588772744,0.0716796200256,0.0715417082988,0.0717830538207,0.0720933552061,0.0719209655476,0.0724381345232,0.0729553034989,0.072817391772,0.0729553034989,0.073300082816,0.0738517297234,0.0738172517916,0.0738862076551,0.074127553177,0.0747481559478,0.074851589743,0.074610244221,0.0745068104259,0.0751963690601,0.0759548835577,0.075920405626,0.0758859276943,0.0763686187382,0.0761272732162,0.0766099642602,0.0768857877139,0.077230567031,0.0775063904846,0.0782304270506,0.0787475960262,0.079609544319,0.0799888015678,0.080678360202,0.0807473160654,0.0809886615874,0.0814368746996,0.0810231395191,0.0816782202216,0.0816782202216,0.0815747864265,0.0822643450607,0.0824712126509,0.0826436023095,0.0826091243778,0.0833331609437,0.0837468961242,0.0839537637145,0.084608844417,0.0846778002804,0.0852984030512,0.0850915354609,0.0854018368463,0.0857810940951,0.0862293072073,0.0871257334318,0.088056637588,0.0891944093344,0.0896771003784,0.0905735266028,0.0911941293736,0.0919871218029,0.0930214597543,0.0936075845933,0.0940557977056,0.0950901356569,0.0961934294716,0.0970898556961,0.0978828481254,0.0989861419401,0.0992619653938,0.0994343550524,0.0998136123012,0.100123913687,0.100778994389,0.101503030955,0.101640942682,0.102433935111,0.102882148223,0.103433795131,0.104123353765,0.104743956536,0.105399037238,0.105295603443,0.105916206214,0.106467853121,0.106709198643,0.107364279346,0.107743536595,0.108157271775,0.107812492458,0.107984882117,0.108329661434,0.108226227638,0.108191749707,0.107950404185,0.107536669004,0.106985022097,0.107364279346,0.107467713141,0.106916066233,0.107157411755,0.106571286916,0.106502331053,0.106778154507,0.10643337519,0.106192029668,0.105916206214,0.106398897258,0.105605904828,0.105330081375,0.105571426897,0.105812772419,0.105467993102,0.105295603443,0.104881868263,0.105261125511,0.105709338624,0.105674860692,0.106088595872,0.106709198643,0.106674720712,0.10643337519,0.107019500029,0.107950404185,0.107467713141,0.107433235209,0.107088455892,0.107398757277,0.107260845551,0.107571146936,0.10784697039,0.107605624868,0.107295323482,0.107398757277,0.106674720712,0.107226367619,0.107536669004,0.107226367619,0.106605764848,0.106364419326,0.106398897258,0.106674720712,0.106605764848,0.106674720712,0.106123073804,0.106398897258,0.106536808985,0.105674860692,0.105571426897,0.105399037238,0.104916346194,0.104675000672,0.104675000672,0.104537088945,0.104640522741,0.104192309628,0.103640662721,0.103502750994,0.103261405472,0.102778714428,0.102675280633,0.10281319236,0.102709758565,0.101434075092,0.101882288204,0.100985861979,0.100916906116,0.100882428184,0.101434075092,0.101054817843,0.100882428184,0.100710038526,0.100847950252,0.10039973714,0.100916906116,0.100054957823,0.0993998771207,0.0994343550524,0.0997446564378,0.100020479891,0.0998480902329,0.10019286955,0.0999170460963,0.0997446564378,0.100261825413,0.0997446564378,0.0998480902329,0.0997791343695,0.100054957823,0.100020479891,0.0999170460963,0.0996757005743,0.099951524028,0.100227347482,0.100675560594,0.101434075092,0.101916766135,0.101951244067,0.101847810272,0.101537508887,0.101640942682,0.102089155794,0.101847810272,0.10260632477,0.102433935111,0.102640802701,0.10281319236,0.102468413043,0.102330501316,0.103537228926,0.103778574448,0.104606044809,0.105364559307,0.105985162077,0.106157551736,0.107467713141,0.107812492458,0.107881448321,0.108364139365,0.108329661434,0.108191749707,0.108433095229,0.109088175931,0.109191609726,0.108639962819,0.108915786273,0.108743396614,0.108881308341,0.108743396614,0.109019220068,0.10946743318,0.110156991814,0.109915646292,0.109846690429,0.109743256634,0.109501911112,0.109398477317,0.109812212497,0.110088035951,0.110156991814,0.109570866975,0.109777734565,0.109984602156,0.110053558019,0.109950124224,0.110432815268,0.110191469746,0.109639822839,0.109536389043,0.108226227638,0.10846757316,0.108846830409,0.108571006956,0.108364139365,0.108812352478,0.108433095229,0.108846830409,0.108398617297,0.107640102799,0.108122793843,0.108605484887,0.108157271775,0.107674580731,0.108364139365,0.109122653863,0.109122653863,0.109363999385,0.109432955248,0.10946743318,0.109881168361,0.110053558019,0.110122513883,0.109708778702,0.110260425609,0.110639682858,0.110432815268,0.110777594585,0.110949984244,0.110984462175,0.11108789597,0.112122233922,0.111811932536,0.111811932536,0.111846410468,0.112191189785,0.112570447034,0.113191049805,0.114259865688,0.114949424322,0.115432115366,0.115466593298,0.115363159502,0.115432115366,0.115501071229,0.115466593298,0.115259725707,0.114983902254,0.11570793882,0.116431975386,0.116431975386,0.116121674,0.116190629864,