# R script for Peak Model
#  -- generated by MACS
p <- c(0.0465459058997,0.0468604052639,0.0464410727783,0.0471749046281,0.0472797377495,0.0472797377495,0.0472797377495,0.0474894039923,0.0478039033564,0.0479087364778,0.0485377352062,0.048747401449,0.049271567056,0.0494812332988,0.049795732663,0.0491667339346,0.0491667339346,0.0493764001774,0.0491667339346,0.0493764001774,0.0508440638769,0.0508440638769,0.0506343976341,0.0500053989058,0.0500053989058,0.0504247313913,0.0506343976341,0.0507392307555,0.0515778957267,0.0509488969983,0.0502150651485,0.0505295645127,0.0507392307555,0.0521020613337,0.0526262269406,0.0534648919118,0.0541987237616,0.0540938906402,0.0534648919118,0.0538842243974,0.0540938906402,0.0540938906402,0.054303556883,0.0538842243974,0.0534648919118,0.0535697250332,0.053779391276,0.053779391276,0.0534648919118,0.0533600587904,0.0529407263048,0.0531503925476,0.0528358931834,0.0526262269406,0.052731060062,0.0534648919118,0.0534648919118,0.0529407263048,0.053255225669,0.053255225669,0.052731060062,0.0530455594262,0.053255225669,0.0530455594262,0.0529407263048,0.052731060062,0.0528358931834,0.0536745581546,0.0538842243974,0.0549325556114,0.0550373887327,0.0549325556114,0.0545132231258,0.0535697250332,0.053255225669,0.053779391276,0.0530455594262,0.0535697250332,0.053779391276,0.0539890575188,0.053779391276,0.0547228893686,0.0557712205825,0.0559808868253,0.0562953861895,0.0564002193109,0.0555615543397,0.0549325556114,0.0558760537039,0.0560857199467,0.0569243849179,0.0568195517965,0.0576582167676,0.058287215496,0.05933554671,0.0584968817388,0.0583920486174,0.058811381103,0.0583920486174,0.058811381103,0.0589162142244,0.0587065479816,0.058811381103,0.05933554671,0.0586017148602,0.0589162142244,0.058811381103,0.0579727161318,0.0574485505248,0.0566098855537,0.0569243849179,0.0564002193109,0.0568195517965,0.0576582167676,0.0572388842821,0.0561905530681,0.0571340511607,0.0568195517965,0.0576582167676,0.0587065479816,0.0590210473458,0.0587065479816,0.058287215496,0.0580775492532,0.0592307135886,0.05933554671,0.0597548791956,0.0596500460742,0.0590210473458,0.0592307135886,0.0584968817388,0.0587065479816,0.0586017148602,0.0580775492532,0.0579727161318,0.0584968817388,0.0586017148602,0.0592307135886,0.0595452129528,0.0595452129528,0.0592307135886,0.0596500460742,0.0601742116811,0.0600693785597,0.0600693785597,0.0597548791956,0.0597548791956,0.0609080435309,0.0604887110453,0.0608032104095,0.0612225428951,0.0611177097737,0.0611177097737,0.0611177097737,0.0614322091379,0.0620612078663,0.0611177097737,0.0612225428951,0.0612225428951,0.0599645454383,0.0602790448025,0.0598597123169,0.0598597123169,0.0598597123169,0.0590210473458,0.0595452129528,0.0596500460742,0.0596500460742,0.0595452129528,0.0592307135886,0.0602790448025,0.0594403798314,0.0591258804672,0.0596500460742,0.0594403798314,0.05933554671,0.0597548791956,0.0599645454383,0.0601742116811,0.0601742116811,0.0603838779239,0.0602790448025,0.0597548791956,0.0598597123169,0.0604887110453,0.0603838779239,0.0606983772881,0.0602790448025,0.0601742116811,0.0605935441667,0.0602790448025,0.0609080435309,0.0612225428951,0.0603838779239,0.0602790448025,0.0604887110453,0.0613273760165,0.0611177097737,0.0611177097737,0.062270874109,0.062270874109,0.063319205323,0.0635288715658,0.0635288715658,0.0648917021439,0.0636337046872,0.0636337046872,0.064367536537,0.0648917021439,0.0646820359012,0.0641578702942,0.0652062015081,0.0662545327221,0.0669883645719,0.0675125301788,0.0679318626644,0.0674076970574,0.0665690320863,0.0668835314505,0.0668835314505,0.0670931976933,0.067827029543,0.0670931976933,0.0682463620286,0.0681415289072,0.068875360757,0.0699236919709,0.0699236919709,0.0704478575779,0.0697140257281,0.0697140257281,0.0704478575779,0.0699236919709,0.0709720231849,0.0718106881561,0.0710768563063,0.0713913556705,0.0720203543989,0.0709720231849,0.0705526906993,0.0702381913351,0.0695043594854,0.069399526364,0.0700285250923,0.0691898601212,0.0704478575779,0.0703430244565,0.0701333582137,0.0701333582137,0.0709720231849,0.0711816894277,0.0712865225491,0.0709720231849,0.0708671900635,0.0702381913351,0.0705526906993,0.0711816894277,0.0717058550347,0.0716010219133,0.0710768563063,0.0711816894277,0.0705526906993,0.0719155212775,0.0708671900635,0.0710768563063,0.0702381913351,0.0703430244565,0.0701333582137,0.0709720231849,0.0711816894277,0.0717058550347,0.0718106881561,0.0727541862486,0.0727541862486,0.0730686856128,0.073907350584,0.073907350584,0.074431516191,0.0766330117403,0.0769475111044,0.077891009197,0.0781006754398,0.0796731722607,0.0801973378677,0.0805118372319,0.0810360028389,0.08187466781,0.08187466781,0.0820843340528,0.0821891671742,0.0821891671742,0.0825036665384,0.0822940002956,0.0835519977524,0.0843906627235,0.0844954958449,0.0850196614519,0.0863824920301,0.0866969913942,0.0878501557296,0.0883743213366,0.0893178194291,0.0894226525505,0.0900516512789,0.0910999824929,0.0922531468282,0.0918338143426,0.0925676461924,0.0927773124352,0.0928821455566,0.0928821455566,0.0938256436492,0.0936159774064,0.0934063111636,0.0931966449208,0.0937208105278,0.0942449761347,0.0942449761347,0.0943498092561,0.0950836411059,0.0948739748631,0.0950836411059,0.0942449761347,0.0936159774064,0.0947691417417,0.0947691417417,0.0948739748631,0.0957126398343,0.0961319723199,0.0960271391985,0.0958174729557,0.0968658041696,0.0971803035338,0.0960271391985,0.0971803035338,0.0971803035338,0.0966561379268,0.0952933073487,0.0955029735915,0.0953981404701,0.0945594754989,0.0933014780422,0.0939304767706,0.0937208105278,0.0931966449208,0.093511144285,0.0934063111636,0.0939304767706,0.0925676461924,0.093511144285,0.0941401430133,0.0927773124352,0.0931966449208,0.092986978678,0.092986978678,0.092986978678,0.0930918117994,0.0927773124352,0.0925676461924,0.0917289812212,0.0910999824929,0.0915193149785,0.091938647464,0.0915193149785,0.0897371519147,0.0895274856719,0.0893178194291,0.0895274856719,0.0892129863077,0.0895274856719,0.0908903162501,0.0908903162501,0.0933014780422,0.0923579799496,0.0915193149785,0.0927773124352,0.093511144285,0.0943498092561,0.0951884742273,0.0953981404701,0.0965513048054,0.097494802898,0.0966561379268,0.0982286347478,0.0986479672334,0.098018968505,0.0986479672334,0.0981238016264,0.0987528003548,0.0972851366552,0.0977044691408,0.0984383009906,0.0983334678692,0.0992769659617,0.0991721328403,0.0996962984473,0.0992769659617,0.0995914653259,0.0984383009906,0.0991721328403,0.0993817990831,0.0999059646901,0.0992769659617,0.100220464054,0.101163962147,0.101268795268,0.10063979654,0.100744629661,0.100849462783,0.101268795268,0.101478461511,0.101792960875,0.0994866322045,0.10063979654,0.101478461511,0.100115630933,0.100744629661,0.100534963418,0.0998011315687,0.100534963418,0.0995914653259,0.0992769659617,0.0998011315687,0.0990672997189,0.0984383009906,0.100325297176,0.0994866322045,0.100534963418,0.100954295904,0.102736458968,0.103365457696,0.102421959604,0.102841292089,0.102946125211,0.103050958332,0.102212293361,0.102841292089,0.102946125211,0.104099289546,0.103260624575,0.103470290818,0.103365457696,0.103889623303,0.105462120124,0.105462120124,0.105566953245,0.106615284459,0.107034616945,0.107244283188,0.107034616945,0.106091118852,0.104518622032,0.104833121396,0.104728288274,0.103994456425,0.104518622032,0.103575123939,0.103260624575,0.103575123939,0.102841292089,0.103260624575,0.103889623303,0.104623455153,0.103470290818,0.104518622032,0.102946125211,0.103365457696,0.102107460239,0.102526792725,0.102107460239,0.101059129025,0.102107460239,0.100954295904,0.100430130297,0.101059129025,0.101583294632,0.101163962147,0.101688127754,0.101163962147,0.102421959604,0.102631625846,0.102946125211,0.103994456425,0.103260624575,0.103365457696,0.10367995706,0.104204122667,0.103889623303,0.103994456425,0.104728288274,0.10588145261,0.106300785095,0.107034616945,0.107768448795,0.107873281916,0.108607113766,0.108502280645,0.109236112494,0.109760278101,0.110074777465,0.110703776194,0.111542441165,0.111542441165,0.112905271743,0.113010104865,0.113639103593,